877794.5625	4628407.5	877716.625	4628627.5
877826.4375	4628373.5	877744.1875	4628590
877855.375	4628336	877772.9375	4628550.5
877887.0625	4628304	877802.3125	4628514
877915	4628269	877838.25	4628480
877945.5	4628227	877847.5	4628434
877973.9375	4628196	877875.5	4628397
878003.625	4628157	877906.125	4628361.5
878035.125	4628122	877941.6875	4628327
878064.9375	4628081	877971.625	4628291
878097.375	4628049.5	878002.75	4628255.5
878124.125	4628015.5	878037.625	4628221
878147.5625	4627977.5	878081.8125	4628190.5
878161.0625	4627929.5	878106	4628152.5
878172.625	4627885.5	878117	4628107
878191.9375	4627842.5	878139.1875	4628067
878213.4375	4627803.5	878150.875	4628023.5
878235.875	4627769	878174.8125	4627983.5
878260.5625	4627726.5	878191.9375	4627942.5
878284.375	4627691	878218.1875	4627908.5
878306.75	4627652	878229.375	4627865.5
878325.625	4627612	878263.125	4627829.5
878336.75	4627568.5	878281.0625	4627783
878340.125	4627530.5	878277.5	4627736
878336.9375	4627487	878292.3125	4627693.5
878325	4627450	878295.625	4627647.5
878316.75	4627408	878280.5	4627605.5
878304.125	4627361	878287.25	4627557.5
878291.9375	4627325.5	878290.3125	4627522.5
878285.4375	4627286	878284.875	4627485
878281	4627241	878289.375	4627441.5
878281.375	4627195.5	878292.625	4627396.5
878290.5625	4627157.5	878299.9375	4627350
878307.25	4627121.5	878308.5	4627313
878324.9375	4627083	878323.375	4627282.5
878347.625	4627055	878332.8125	4627249.5
878375.8125	4627017	878337	4627211.5
878402.6875	4626988	878335.0625	4627171.5
878428.5	4626953	878329.75	4627138.5
878451.6875	4626919.5	878331.1875	4627098.5
878483.0625	4626889.5	878334.0625	4627064
878510.375	4626868	878340.75	4627023.5
878541.9375	4626838.5	878357.9375	4626996
878573.6875	4626807	878380.625	4626982
878604.125	4626778	878404.3125	4626957.5
878640.25	4626749.5	878426.625	4626922.5
878674.5	4626724	878458.25	4626892
878707.4375	4626696	878496.625	4626872
878743.25	4626666	878531.125	4626847
878781.9375	4626630.5	878569	4626822
878808.5	4626599	878606.5	4626795.5
878844.75	4626568.5	878642.9375	4626769
878881.625	4626535	878673.125	4626744
878913.125	4626504.5	878704.1875	4626711
878947.125	4626470.5	878736.875	4626675.5
878982.125	4626439	878767.875	4626645.5
879016.875	4626407	878796.375	4626613.5
879054.5625	4626374	878826	4626579
879085.5	4626335.5	878855.875	4626544
879120.4375	4626305.5	878889.75	4626513.5
879151.375	4626275.5	878931.5	4626484
879178.875	4626233.5	878966.8125	4626449
879197.375	4626196.5	878995.625	4626412
879220.625	4626154	879020.625	4626373
879241.3125	4626116.5	879042.625	4626333
879258.5625	4626074.5	879068.1875	4626293.5
879279	4626034	879100.625	4626257.5
879288.8125	4625991	879139.8125	4626222
879291.8125	4625948.5	879170.125	4626181
879290.9375	4625909.5	879186.4375	4626140.5
879292.25	4625867.5	879185.75	4626103
879291.5625	4625828	879172.9375	4626065
879297.75	4625786.5	879164.9375	4626023.5
879310.3125	4625746	879170.5	4625987.5
879324.25	4625699	879190.4375	4625949
879336.875	4625660.5	879225.1875	4625912
879343.75	4625622.5	879266.125	4625885
879348.625	4625584.5	879287.75	4625861.5
879350.3125	4625548.5	879286.375	4625832.5
879350	4625508	879274.375	4625797
879355.5	4625458.5	879280.4375	4625757
879366.75	4625422	879293.5625	4625714
879377.3125	4625380.5	879310.5625	4625671
879387.5	4625340	879335.625	4625633
879398.375	4625309	879364.125	4625598
879410.5	4625263.5	879391.0625	4625557
879418.75	4625225.5	879407.25	4625519
879425.4375	4625182.5	879414.6875	4625480.5
879430.8125	4625136	879403.1875	4625433
879438.5	4625094.5	879396.8125	4625384
879446.5	4625055.5	879406.0625	4625337
879456.4375	4625018.5	879430.9375	4625292.5
879468.6875	4624975.5	879454.3125	4625246.5
879484.8125	4624942.5	879470.1875	4625208
879495	4624905.5	879483.1875	4625168.5
879512.625	4624869.5	879513.125	4625138
879533.25	4624840	879542.6875	4625101
879552	4624800	879562.4375	4625055.5
879571.125	4624771	879586.75	4625021
879592.0625	4624733.5	879600.625	4624976
879608.625	4624697	879633.875	4624938.5
879621.125	4624665.5	879657.8125	4624895
879638.9375	4624627.5	879677.1875	4624851.5
879652.5625	4624594	879677	4624819
879664.5625	4624562	879681.0625	4624774.5
879679.0625	4624527	879682.625	4624739.5
879692.0625	4624491	879693.1875	4624703
879701.625	4624462.5	879708	4624653
879713.8125	4624428	879719.875	4624618
879722.8125	4624381	879737.6875	4624579.5
879729.4375	4624345.5	879757.8125	4624538
879729.25	4624305.5	879773.0625	4624501.5
879728.75	4624264	879765.0625	4624466.5
879723.625	4624225	879767.9375	4624434.5
879718.375	4624186.5	879795.5	4624396
879711.5625	4624144.5	879821.5	4624355
879705.8125	4624104	879838.8125	4624312.5
879699.9375	4624072	879846.3125	4624274.5
879692.75	4624023.5	879831.5625	4624235.5
879684.4375	4623983	879792.5625	4624205
879678.3125	4623936.5	879780.125	4624164.5
879670.4375	4623897.5	879767.4375	4624124
879662.4375	4623858.5	879752.75	4624081.5
879654.1875	4623808.5	879732	4624036.5
879643.125	4623773	879722.8125	4623993
879631.6875	4623728.5	879715.25	4623947.5
879615.125	4623690	879692.25	4623908
879597.1875	4623636.5	879674.5625	4623867.5
879578	4623608.5	879660.125	4623825
879564.0625	4623570	879637.3125	4623784.5
879536.9375	4623528.5	879604.0625	4623747.5
879517.1875	4623483.5	879581.0625	4623710
879494.75	4623452.5	879563.125	4623671
879470.25	4623412	879546.1875	4623631.5
879447.125	4623377	879528.1875	4623594
879422.125	4623335	879514.3125	4623550
879399.0625	4623294.5	879498.5625	4623507
879376.5625	4623261.5	879480.875	4623466.5
879348.875	4623214	879454.0625	4623431.5
879321	4623177.5	879421.25	4623396
879296.4375	4623155	879394.25	4623356.5
879273.375	4623106	879373.5	4623316.5
879249.375	4623065	879350.25	4623278
879224.4375	4623034.5	879321.625	4623241.5
879205.875	4622997.5	879301.5	4623201.5
879189	4622954	879282.5625	4623159.5
879167.875	4622915.5	879260.8125	4623111.5
879153.75	4622874	879242.9375	4623068.5
879136.375	4622842	879220	4623030.5
879128.875	4622811.5	879198.875	4622990.5
879112.1875	4622763	879194.875	4622952
879100.6875	4622731	879197.0625	4622919
879093.4375	4622699	879185.1875	4622880.5
879091.25	4622660	879177.9375	4622842
879086.625	4622624.5	879177.1875	4622808.5
879083.25	4622586	879171.5625	4622769
879080.4375	4622551	879157.25	4622735
879082.1875	4622510	879150.4375	4622699.5
879087.8125	4622473	879141.1875	4622660.5
879093.875	4622439.5	879136	4622622
879105.5625	4622403.5	879136.6875	4622585
879115.25	4622368	879126.5625	4622555.5
879125.0625	4622330.5	879119.25	4622521
879144.6875	4622299.5	879134.125	4622495.5
879164.3125	4622273	879151.3125	4622474.5
879180	4622231	879178.875	4622457
879200.1875	4622209.5	879202	4622435.5
879225.875	4622174.5	879212.125	4622393.5
879243.625	4622141.5	879226.25	4622356
879277.6875	4622118	879241.625	4622325
879304.25	4622096.5	879259.375	4622300
879329.3125	4622064.5	879278.625	4622258.5
879360.625	4622039.5	879296.6875	4622218
879399.4375	4622013.5	879313.5	4622190
879423.8125	4621996.5	879332.375	4622159.5
879453.9375	4621972.5	879359.25	4622138.5
879487	4621949.5	879387.4375	4622132.5
879523.9375	4621929.5	879421.625	4622121
879563.5625	4621904	879459.5	4622110.5
879589.1875	4621886	879488.6875	4622092
879632.875	4621865.5	879519.9375	4622061
879668.875	4621845.5	879542.9375	4622024
879710.6875	4621831.5	879561	4621979.5
879742.4375	4621810.5	879579.6875	4621940
879781.4375	4621790	879615.4375	4621910.5
879819.375	4621776.5	879651.4375	4621881.5
879853.125	4621763	879694.6875	4621866.5
879891	4621750.5	879732.75	4621860.5
879937.5625	4621738	879777.75	4621862.5
879983.25	4621722.5	879818.1875	4621852.5
880018.375	4621707.5	879854.75	4621843
880054.375	4621694	879894.8125	4621826.5
880097.5625	4621680.5	879936.625	4621810.5
880146.4375	4621663	879980.875	4621800
880170.375	4621648.5	880011.875	4621771.5
880206.125	4621629	880042.4375	4621754.5
880253.875	4621613	880075.9375	4621735
880284	4621593.5	880107.6875	4621707.5
880328.9375	4621571.5	880137.5	4621686.5
880356.1875	4621545.5	880169.25	4621656
880395.25	4621529	880210.9375	4621627
880426.875	4621507	880242.375	4621607
880455.9375	4621475.5	880280.1875	4621589
880480.6875	4621459.5	880310.125	4621562
880527.4375	4621435	880336.125	4621527.5
880549.3125	4621404	880376.5625	4621506.5
880580.5	4621385.5	880402.125	4621475
880605.875	4621363	880415.9375	4621433
880632.75	4621331.5	880431	4621393
880650.625	4621306.5	880454.4375	4621373.5
880678.0625	4621283	880473.25	4621354
880708.5	4621250	880508.5625	4621333
880726.25	4621222.5	880540.6875	4621300
880743.9375	4621198	880556.375	4621260
880767.3125	4621159	880575.0625	4621229.5
880787.5625	4621126.5	880588.75	4621203.5
880806	4621092	880601.9375	4621186.5
880831.6875	4621073.5	880626.5625	4621165.5
880848.0625	4621029	880659.6875	4621147
880868.875	4620998	880690.9375	4621129
880883.4375	4620967	880725.875	4621106
880900.9375	4620922	880755	4621078
880920.125	4620888.5	880771.3125	4621040
880941.8125	4620855	880796.75	4621007.5
880962	4620817.5	880837.25	4620983
880983.3125	4620773.5	880872.8125	4620952
881003.5625	4620741	880898.4375	4620916
881018.625	4620702	880916.0625	4620876.5
881035.9375	4620675	880935.125	4620842
881055.5625	4620632.5	880963.375	4620805
881070.375	4620587	881008	4620767
881099.25	4620560	881043.9375	4620731
881109.875	4620520	881078.1875	4620694
881132.125	4620493.5	881088.875	4620649
881151.8125	4620451.5	881094.6875	4620600.5
881175.9375	4620409.5	881124.3125	4620565
881184.3125	4620380.5	881157.4375	4620542
881210.0625	4620339.5	881179.875	4620515
881232.3125	4620310	881197.25	4620482.5
881249.8125	4620276.5	881225.25	4620448
881264.375	4620247.5	881255.0625	4620414.5
881290.375	4620218.5	881274.875	4620388
881317.1875	4620185	881300.6875	4620362.5
881336.5625	4620151.5	881318.875	4620329.5
881364.625	4620125	881335.5625	4620298.5
881402.5	4620096	881356.625	4620269.5
881427.0625	4620064	881372.625	4620233.5
881451.5625	4620040	881388.375	4620194
881488.25	4620010.5	881410.0625	4620153
881514.8125	4619984.5	881433.8125	4620122.5
881542.5	4619949.5	881456.875	4620091.5
881560.75	4619919	881477.5	4620066.5
881591.3125	4619897.5	881503.125	4620036.5
881627	4619863	881524.3125	4620000.5
881664.8125	4619827	881557.9375	4619968
881698.5625	4619800.5	881596.0625	4619938
881730.625	4619774	881635.4375	4619910.5
881751.9375	4619739	881670.5625	4619880
881796.75	4619711.5	881700.6875	4619845
881825.625	4619677	881730.9375	4619808.5
881868.8125	4619642	881758.0625	4619769
881891.375	4619619.5	881790.125	4619736
881924.8125	4619589.5	881819.625	4619701
881958.125	4619560	881847.6875	4619668
881994	4619525	881870.6875	4619631
882023.875	4619501	881906.875	4619599.5
882051.625	4619472.5	881944.1875	4619564.5
882093.3125	4619445.5	881969.9375	4619528
882112.5625	4619411	881995.9375	4619487
882142.8125	4619381.5	882020.125	4619453.5
882170.8125	4619348.5	882047	4619425
882197.4375	4619315	882074.5625	4619397
882218.125	4619288	882089.375	4619353.5
882262.25	4619263.5	882101.9375	4619311.5
882283.625	4619231.5	882116.8125	4619279.5
882299.8125	4619191.5	882146.3125	4619258.5
882331.125	4619162	882176.6875	4619240.5
882353.5	4619121.5	882201.9375	4619217
882385.1875	4619088	882229.875	4619184.5
882412.625	4619054.5	882255.5	4619148.5
882436.4375	4619027.5	882282.375	4619121.5
882455.0625	4619004.5	882316.8125	4619104.5
882485.25	4618969.5	882348.5625	4619078
882507.75	4618930	882379.5	4619056
882543.5	4618907	882404.4375	4619027
882569.3125	4618867.5	882428.5625	4618994.5
882593.5625	4618825	882456.4375	4618968
882625.3125	4618796	882481.0625	4618927.5
882651.8125	4618764.5	882508.875	4618894
882678.4375	4618719.5	882537.1875	4618864.5
882710.25	4618695.5	882568.6875	4618834
882742	4618668	882598.125	4618798.5
882773.8125	4618629.5	882632.5625	4618768.5
882796.6875	4618608	882662.5	4618732.5
882820.3125	4618554	882695.0625	4618696.5
882850.375	4618523.5	882732.6875	4618668
882879.3125	4618492.5	882773.875	4618635
882901.375	4618453.5	882805.25	4618599
882922.9375	4618425	882846.4375	4618570
882953.0625	4618388	882889.4375	4618546
882969.375	4618358	882921.0625	4618514
882994.3125	4618316	882947.4375	4618479
883017.4375	4618280.5	882980.875	4618454.5
883036.5625	4618247.5	883018.5625	4618433.5
883060.875	4618207	883052.125	4618402.5
883080.4375	4618177	883082.5625	4618374
883098.5	4618122	883096.4375	4618331.5
883112.5	4618098	883106.625	4618290
883134.0625	4618065	883110.0625	4618240.5
883157.6875	4618026.5	883121.8125	4618197.5
883171.3125	4617977	883120.4375	4618153
883196.875	4617960.5	883117.4375	4618109.5
883223.3125	4617922.5	883115.9375	4618061.5
883230	4617866	883122.1875	4618016.5
883254.1875	4617839	883139.4375	4617981
883268	4617796.5	883151.625	4617935.5
883296.625	4617758.5	883165.5625	4617895.5
883320.8125	4617725	883184.1875	4617851
883332.4375	4617686.5	883206.5	4617813.5
883348.1875	4617653	883216.375	4617771
883382.6875	4617625.5	883245.3125	4617737.5
883394.6875	4617573.5	883280.8125	4617693
883423.4375	4617555.5	883319.8125	4617659
883445.6875	4617512	883345.6875	4617625.5
883471.125	4617466.5	883376.75	4617604
883493.5625	4617450	883402.9375	4617576
883508.5	4617419	883435.9375	4617542
883540	4617383.5	883467	4617505
883570.4375	4617355	883495.3125	4617472.5
883582.6875	4617311	883515.875	4617439.5
883608.375	4617269.5	883544.75	4617409
883639.0625	4617253.5	883575.125	4617371.5
883664.5625	4617210	883601.9375	4617346
883689.875	4617185.5	883619.375	4617308
883709.5	4617160	883640.1875	4617267.5
883737.5	4617138	883654.4375	4617239
883748.4375	4617093.5	883662.4375	4617209
883770.125	4617058.5	883668.0625	4617177
883800.375	4617028.5	883685.6875	4617145.5
883810.875	4616994	883695.5625	4617113
883832.6875	4616956	883711.125	4617080.5
883840.8125	4616927	883734.1875	4617051
883854.8125	4616869.5	883758.4375	4617033
883865.875	4616833.5	883779.6875	4617019.5
883883.0625	4616821.5	883793.5625	4616994.5
883891.75	4616786	883814.5625	4616956.5
883894.3125	4616737	883830.8125	4616913
883907.3125	4616690.5	883848.125	4616865.5
883919.5	4616659	883863.1875	4616823
883930.125	4616623	883887.875	4616785
883935.75	4616583	883908.5	4616744.5
883944.875	4616531	883922.75	4616696.5
883961.25	4616512	883935.4375	4616651.5
883970.3125	4616455	883939.5625	4616607.5
883985.8125	4616438	883935.8125	4616568
883998.875	4616392	883926.75	4616526
884014.375	4616349.5	883925	4616479.5
884032.125	4616323.5	883929.75	4616433.5
884054.125	4616266.5	883926	4616394.5
884069.875	4616230.5	883923.0625	4616352.5
884079.375	4616202.5	883937.6875	4616315.5
884106.5625	4616183.5	883953.6875	4616273
884124.875	4616140.5	883974	4616230.5
884145.9375	4616091	883990.1875	4616197
884168.5625	4616053.5	884018.3125	4616166
884190.625	4616007	884052.9375	4616130.5
884210.9375	4615983	884091.75	4616096.5
884229.8125	4615952	884128.8125	4616063
884250.9375	4615898	884157.375	4616031.5
884273.3125	4615871	884188.4375	4616000
884294.125	4615845.5	884221.8125	4615968.5
884308.6875	4615801.5	884268	4615942
884326.75	4615754	884306.6875	4615913.5
884345.625	4615732.5	884344.125	4615881
884349.9375	4615696.5	884383.4375	4615850.5
884365	4615665	884412.6875	4615819
884381.3125	4615630	884437.375	4615780.5
884388.9375	4615572.5	884453	4615742.5
884402.75	4615549	884457	4615697.5
884413.625	4615494.5	884458.9375	4615658.5
884432.3125	4615464	884448.5625	4615622
884435.875	4615427.5	884451.375	4615576
884457.6875	4615400	884459.375	4615536
884470.125	4615370.5	884466	4615498.5
884479	4615313.5	884458.75	4615463.5
884494.75	4615289	884455.25	4615423.5
884507.6875	4615237	884458	4615386.5
884517.25	4615197	884456.5	4615345.5
884547.375	4615169	884459.3125	4615311
884561.875	4615130	884477.0625	4615277
884576.5	4615082.5	884488.875	4615235
884601.5	4615057	884497.125	4615196.5
884604.4375	4615011	884511.1875	4615161
884631.125	4614981.5	884529.125	4615130.5
884651.1875	4614936	884557.0625	4615098
884680.1875	4614891.5	884572.625	4615063.5
884695.4375	4614870.5	884595.1875	4615025
884739.9375	4614829	884623.8125	4614989.5
884750.75	4614798	884647.625	4614950.5
884777.5625	4614740	884673.3125	4614911.5
884787.6875	4614704.5	884709.5625	4614873
884831	4614683	884733.3125	4614828.5
884844.625	4614641	884739.3125	4614779
884866.375	4614590.5	884751.375	4614732
884876.625	4614576	884771.625	4614684.5
884913.5625	4614511	884794.4375	4614638.5
884926.3125	4614492.5	884825.375	4614597
884963.625	4614449.5	884848.9375	4614549.5
884988	4614411	884870.25	4614501.5
885025.125	4614377.5	884885.1875	4614451
885036.8125	4614347	884904.625	4614413
885048.6875	4614307.5	884939.6875	4614384
885093.5	4614268	884966.125	4614348
885100.75	4614242.5	885001.25	4614308
885124.5625	4614208	885035.3125	4614278
885141.9375	4614172.5	885054.375	4614242.5
885176.25	4614152	885085.6875	4614211
885215.6875	4614119	885103.625	4614180
885225.0625	4614072	885117.75	4614152
885257.375	4614057	885148.125	4614126.5
885278.9375	4614042	885179.8125	4614099.5
885297.5	4614002.5	885209.75	4614077
885320	4613969	885226.375	4614072
885371.75	4613969.5	885248.625	4614049.5
885395.875	4613955	885266.125	4614037.5
885434.3125	4613944.5	885291.6875	4614022.5
885450.5625	4613916	885306.125	4613993
885483.75	4613885	885324.5	4613977.5
885528.75	4613880	885345.75	4613954
885544.8125	4613872.5	885364.1875	4613940.5
885578.5625	4613856	885384.1875	4613933.5
885597.375	4613835.5	885405.25	4613920.5
885648.5625	4613830.5	885431.25	4613915
885664.9375	4613811.5	885454.75	4613889
885731.375	4613796	885484.3125	4613863.5
885759.4375	4613785.5	885524.625	4613847.5
885791.8125	4613771	885566.5	4613844
885823	4613756.5	885603.75	4613835.5
885849.3125	4613747	885643	4613825.5
885899.0625	4613732.5	885681.25	4613814.5
885905.875	4613711.5	885713.5	4613801
885943.6875	4613704	885756.75	4613804.5
886003	4613680	885805.5	4613790.5
886013.375	4613670	885852.1875	4613772
886061.875	4613648	885893.4375	4613769.5
886096.1875	4613634	885925.625	4613771.5
886125.125	4613610	885967.25	4613760
886162.125	4613593.5	886009.3125	4613757.5
886179.5625	4613575.5	886047.9375	4613755.5
886219.625	4613555.5	886091.3125	4613744.5
886267.6875	4613537	886139.0625	4613736.5
886277.3125	4613514	886183.3125	4613718
886320.6875	4613497.5	886222.375	4613703
886349.625	4613476	886259.9375	4613705.5
886400.1875	4613458.5	886291.1875	4613692.5
886431.75	4613432	886311.1875	4613671.5
886454.625	4613416	886330.5625	4613638
886483.875	4613391.5	886353.75	4613596.5
886531.5625	4613376	886391.3125	4613582
886544.5	4613356.5	886422.5	4613538.5
886594.125	4613343	886449.6875	4613479
886606.1875	4613321.5	886483.6875	4613443.5
886639.0625	4613303.5	886505.8125	4613402
886666.5	4613294.5	886531.4375	4613351.5
886723.875	4613276.5	886556.75	4613317.5
886745.3125	4613266	886583.9375	4613283.5
886784.3125	4613254	886619.3125	4613243
886810.1875	4613243.5	886655.625	4613208
886840.5625	4613229	886682.625	4613180.5
886896.9375	4613223.5	886698.6875	4613155
886916.375	4613214	886721.3125	4613129
886953.0625	4613201	886764.5	4613123
886994.4375	4613193.5	886806.625	4613116.5
887012	4613178.5	886847	4613111.5
887055.625	4613173	886889.75	4613109.5
887099.375	4613171.5	886934.8125	4613109
887141.0625	4613157.5	886973.75	4613111.5
887160.875	4613147	887007.9375	4613102.5
887187.125	4613143	887040.4375	4613096.5
887237	4613132.5	887081.9375	4613090.5
887279.6875	4613120	887118.6875	4613094.5
887289.375	4613120	887163.875	4613102
887336.125	4613096	887203.25	4613113.5
887369.0625	4613098.5	887237.5	4613124
887386.625	4613087	887263.6875	4613107.5
887422.9375	4613073	887293.375	4613091.5
887484.9375	4613072.5	887331.0625	4613093.5
887517.25	4613060	887360	4613073.5
887542.625	4613043.5	887389.3125	4613045.5
887589.125	4613022.5	887414.3125	4613027.5
887616.8125	4613020.5	887439.125	4613017
887651.5625	4612990.5	887468.4375	4612986
887682.75	4612986.5	887497.625	4612950
887725.5	4612975.5	887533.3125	4612937
887736.25	4612963.5	887569.125	4612920.5
887800.375	4612956	887603.25	4612882
887816.5625	4612929.5	887638.8125	4612867
887865.75	4612916	887674.9375	4612859
887916.1875	4612901	887708.0625	4612846
887934.1875	4612887.5	887740.9375	4612831.5
887972.6875	4612874.5	887773.8125	4612824.5
888020.8125	4612849	887804.75	4612825
888069.8125	4612847.5	887840.5625	4612820.5
888083.875	4612821	887880.375	4612811
888133.9375	4612811	887922.1875	4612799
888157.625	4612805.5	887966.6875	4612800
888190.75	4612784.5	888014.5625	4612814
888220	4612777.5	888056.4375	4612817.5
888270	4612764.5	888094.9375	4612803.5
888318.3125	4612752.5	888135.5	4612805.5
888338.3125	4612736.5	888169.9375	4612811.5
888393.125	4612709.5	888217.9375	4612814.5
888413.9375	4612699.5	888274	4612817.5
888461.6875	4612692.5	888324.3125	4612814.5
888481.625	4612661.5	888369.4375	4612812
888531	4612657	888419.25	4612812
888566.375	4612625.5	888478.125	4612798.5
888600.4375	4612610	888525.5625	4612769
888641.25	4612597	888569.3125	4612736
888682.25	4612579.5	888599.625	4612699
888694.5625	4612558	888626.6875	4612662
888749.5625	4612556	888659.5	4612622.5
888771.0625	4612522	888693.625	4612590.5
888799	4612510	888719.75	4612565
888844.4375	4612481.5	888744.6875	4612538.5
888873.25	4612462.5	888782.5	4612509
888902.6875	4612447.5	888816.75	4612478.5
888947.5625	4612426	888846.25	4612447
888992.125	4612410.5	888873.3125	4612410
889006.1875	4612402	888913.1875	4612387
889035.9375	4612375.5	888959.375	4612377.5
889054.125	4612371	889001.6875	4612366
889109.75	4612344.5	889051.375	4612378
889170.6875	4612317	889100.5	4612374.5
889187.3125	4612306	889137.5625	4612362.5
889214.25	4612291.5	889171.9375	4612356.5
889241.375	4612282.5	889213.5625	4612349
889286.5	4612275.5	889255.125	4612329.5
889316.375	4612247	889295.5625	4612315
889347.875	4612232	889321.4375	4612298.5
889383.75	4612222.5	889352.375	4612274.5
889413.3125	4612212.5	889381.1875	4612245.5
889458.5	4612198.5	889414.9375	4612220
889480.75	4612177	889446.8125	4612204
889532.9375	4612170	889479.0625	4612179
889547.25	4612172	889503.5625	4612151.5
889593.25	4612146.5	889523.9375	4612127.5
889626.3125	4612132	889552	4612102
889653.0625	4612123	889585.875	4612089
889695.25	4612117	889622.875	4612092
889727.6875	4612107	889662.1875	4612106
889752.375	4612100.5	889698.5625	4612122
889785.5	4612087	889734.75	4612122
889832.4375	4612080.5	889766.5	4612122
889873.25	4612068	889796.625	4612130.5
889925.9375	4612060	889827.125	4612132
889958	4612054.5	889856.4375	4612138.5
889988.125	4612050.5	889885.75	4612133
890018.8125	4612046.5	889921.5	4612121
890075.25	4612037	889952.0625	4612113.5
890115.0625	4612029	889978.0625	4612098.5
890113.3125	4612024.5	890012.875	4612094.5
890171	4612016.5	890056.5625	4612097.5
890193.25	4612015.5	890096.75	4612092
890220.5	4612008	890130.625	4612084.5
890287.375	4612003	890157.3125	4612079.5
890321.8125	4611995	890187.625	4612062.5
890353.3125	4611994	890224.1875	4612041
890369.4375	4611986.5	890255.75	4612010.5
890420.75	4611979.5	890277.875	4611969
890460.625	4611973.5	890305.5625	4611939.5
890495.9375	4611967	890335.1875	4611902
890526.3125	4611961.5	890362.625	4611858.5
890570.9375	4611953	890384.9375	4611831
890619	4611948.5	890402.375	4611815.5
890642.0625	4611942.5	890435.75	4611802
890692.625	4611931.5	890475.5625	4611786
890721.4375	4611929	890519.625	4611790
890757.8125	4611916	890561	4611806.5
890799.8125	4611909.5	890589.3125	4611837.5
890811.25	4611907	890631.4375	4611861
890871.5	4611897	890676.3125	4611870
890908.6875	4611892	890716.875	4611871.5
890945.6875	4611878.5	890763.625	4611870.5
890975.5625	4611874.5	890806.4375	4611860.5
891033.3125	4611860	890851.9375	4611838.5
891045.3125	4611860	890889.4375	4611812.5
891100	4611851.5	890917.75	4611778
891140.8125	4611843	890951.375	4611742
891177.1875	4611833	890979.875	4611708.5
891212.5625	4611824	891022.25	4611692.5
891247.875	4611816.5	891068.1875	4611697.5
891280.625	4611807	891117.1875	4611715.5
891342.25	4611803	891164.0625	4611726
891343.5625	4611792.5	891215.125	4611738.5
891403.1875	4611787.5	891267.875	4611773
891413.6875	4611783.5	891324.6875	4611825
891466.75	4611769	891379.75	4611877.5
891468.1875	4611768	891432.0625	4611916.5
891529.25	4611759.5	891481.3125	4611945
891583.0625	4611758.5	891528.625	4611974.5
891613.3125	4611750.5	891573.6875	4611984
891669.25	4611744.5	891615.0625	4611974
891720.125	4611735.5	891649.625	4611961.5
891731.5625	4611735	891678.6875	4611942.5
891741.75	4611731	891702.6875	4611939
891775.1875	4611723.5	891719.75	4611933.5
891851.5625	4611713	891742.75	4611910.5
891882	4611712.5	891768.6875	4611869
891914.5625	4611701	891797.6875	4611823.5
891946.1875	4611696.5	891833.5625	4611794.5
891986.75	4611694.5	891867.125	4611784
891995.1875	4611682.5	891892.0625	4611764.5
892050.375	4611673.5	891923.25	4611734
892080.1875	4611670	891959.5	4611690
892113.75	4611667	892001.1875	4611649
892144.9375	4611667	892047.9375	4611612
892156.1875	4611665	892090.25	4611561.5
892232.625	4611656.5	892130.3125	4611521.5
892257	4611651	892160.375	4611496
892311.9375	4611651.5	892192.375	4611469.5
892330.8125	4611652.5	892222.1875	4611448.5
892345	4611649.5	892247	4611424
892411.125	4611637	892280.1875	4611412.5
892419.5625	4611633.5	892318.875	4611400.5
892460.9375	4611628	892360.3125	4611391
892525.5	4611623	892398	4611380
892529.25	4611623	892440.125	4611384.5
892554.5	4611617.5	892481.3125	4611392.5
892596.75	4611610.5	892522	4611414
892657.9375	4611603.5	892570.9375	4611438
892670.1875	4611596	892631.5	4611455
892721.4375	4611592.5	892681.4375	4611462
892747.75	4611589.5	892728.6875	4611481.5
892819.9375	4611581	892767.625	4611497.5
892825.375	4611573	892801.4375	4611517
892858.9375	4611566.5	892841.375	4611534.5
892901.3125	4611564	892889.9375	4611554
892918.4375	4611552.5	892933.75	4611569.5
892962	4611548	892975.3125	4611582
892996.125	4611522.5	893013.3125	4611598
893038.6875	4611528	893051.8125	4611597.5
893068.5625	4611515	893086.25	4611596
893099.625	4611497	893129.25	4611606
893157.375	4611467.5	893176	4611607
893147.375	4611460.5	893232.9375	4611595
893195.625	4611455.5	893286.875	4611582.5
893221.6875	4611436	893321.0625	4611560.5
893256.5625	4611415.5	893349.125	4611530.5
893290.5625	4611407	893375.5	4611503.5
893336.375	4611375.5	893402.0625	4611480
893365.625	4611352	893424.625	4611444.5
893385.9375	4611349	893458.625	4611416
893449.125	4611339.5	893495.5625	4611392
893450.75	4611306	893530.8125	4611372
893498.5	4611282.5	893572.125	4611353
893535.1875	4611272.5	893616	4611340
893583.6875	4611266	893652.375	4611318.5
893557.5625	4611245	893675.75	4611288
893622.5	4611210	893693.3125	4611252
893655.625	4611207.5	893709.375	4611214
893673.8125	4611184	893729.1875	4611168
893722.6875	4611169	893760.75	4611123.5
893762.875	4611148.5	893787.6875	4611085
893758.375	4611123	893827.25	4611060
893800.375	4611100	893854.4375	4611038.5
893835.6875	4611085	893884	4611010.5
893865.4375	4611054	893909	4610985.5
893889.5625	4611029	893931.875	4610952
893927.0625	4611003	893954.3125	4610906.5
893968	4611001	893972.3125	4610859
894004.6875	4610975	893987.625	4610815
894046	4610941	894007.375	4610763.5
894059.625	4610923.5	894039.8125	4610726.5
894091.125	4610909.5	894064.25	4610672.5
894084.9375	4610898	894074.4375	4610622
894117.625	4610856	894096.375	4610572.5
894181.9375	4610863	894114.625	4610517.5
894208.125	4610848.5	894136.25	4610484.5
894250.875	4610801.5	894157.9375	4610457
894285.9375	4610801.5	894191.3125	4610442
894306	4610791	894232.1875	4610419.5
894333.4375	4610780.5	894271.9375	4610405
894372.25	4610741.5	894319.25	4610409
894416.5	4610732	894367.6875	4610415.5
894456.9375	4610710.5	894410.8125	4610437
894476.875	4610701	894471.5	4610451.5
894521.4375	4610689	894531.375	4610468
894546.25	4610671	894581.875	4610480
894584.25	4610647	894633.0625	4610489.5
894625.4375	4610637.5	894684.125	4610492.5
894651.1875	4610625	894716.6875	4610486.5
894675.625	4610602	894751.5	4610479
894722.4375	4610576.5	894790.0625	4610471
894741.6875	4610580.5	894820.8125	4610474
894775.75	4610558.5	894851.1875	4610485
894829.375	4610524.5	894874.75	4610483.5
894842.9375	4610531	894902.1875	4610480
894872.25	4610519	894944.125	4610488.5
894932.6875	4610508	894997.1875	4610483.5
894958.3125	4610473.5	895038.5625	4610463.5
894988.5625	4610447.5	895073.625	4610454
895014.6875	4610426	895105.5625	4610439.5
895059.875	4610434	895141.75	4610417.5
895065.5625	4610397	895168.5625	4610378.5
895094.1875	4610387	895193.875	4610340
895146.6875	4610355	895217.5625	4610311
895171	4610336.5	895236.0625	4610276.5
895214.125	4610324	895259.4375	4610241.5
895239.6875	4610292	895291.375	4610215.5
895267	4610269	895320.75	4610193.5
895305.4375	4610260.5	895338.3125	4610178
895331.25	4610245	895351	4610152
895369.4375	4610210.5	895371.25	4610107.5
895403.125	4610179.5	895391.625	4610076
895416.125	4610172.5	895417.6875	4610042
895449.25	4610148.5	895450.25	4610014
895474	4610120.5	895467	4609978.5
895528	4610091	895481.6875	4609943
895550.875	4610069	895491.6875	4609896
895580.1875	4610047.5	895502.125	4609855
895612.8125	4610019.5	895523.875	4609831.5
895628.875	4610012.5	895548.375	4609812
895623.5625	4609973	895572.0625	4609789
895683.6875	4609957.5	895606.25	4609768.5
895723.125	4609920.5	895635.375	4609735
895759.8125	4609910.5	895668.375	4609708
895780.4375	4609900	895689.5	4609682
895808.9375	4609872.5	895718.0625	4609662.5
895859.375	4609831	895736.5625	4609626.5
895884.1875	4609837.5	895748.3125	4609589
895898.6875	4609818.5	895755.6875	4609547.5
895942	4609774	895766.4375	4609520.5
895954.25	4609767	895775.375	4609488.5
896011.875	4609753.5	895779.25	4609456
896025.6875	4609728	895799.6875	4609424
896052.6875	4609704.5	895822.625	4609382.5
896075.5	4609682.5	895848.375	4609345
896086.5625	4609653	895873.3125	4609315.5
896163.75	4609650	895903.1875	4609289.5
896197.8125	4609638	895938.75	4609268
896239.0625	4609623	895972.5	4609241
896246.375	4609582	896008	4609219.5
896284.125	4609570.5	896037.625	4609201.5
896318.625	4609554	896081.9375	4609188.5
896361.75	4609521.5	896128.75	4609172.5
896376.4375	4609511.5	896173.9375	4609147.5
896394.25	4609483	896208.8125	4609117
896438.375	4609458.5	896242.3125	4609091
896478.5625	4609437.5	896281.625	4609077
896516.75	4609422.5	896320.75	4609067
896535.6875	4609396	896353.875	4609057.5
896591.5625	4609377	896386.625	4609038.5
896593.1875	4609367.5	896405.25	4609006
896666.75	4609350.5	896421.625	4608972
896667.3125	4609341	896432.9375	4608929.5
896710.25	4609315	896454.375	4608894
896746.625	4609283.5	896469.4375	4608868
896773.9375	4609285	896489.3125	4608829
896802.125	4609258.5	896514.875	4608791.5
896825.25	4609236	896543.5	4608761
896876.8125	4609243.5	896579	4608742.5
896910.5625	4609206	896617.1875	4608734
896923.1875	4609199.5	896659.3125	4608744.5
896965.5	4609187.5	896701.9375	4608755
897015.4375	4609163.5	896743.75	4608760.5
897052.25	4609135	896784.25	4608768
897049.4375	4609113.5	896833.9375	4608779.5
897120.6875	4609078.5	896884.3125	4608795.5
897125.5	4609071	896932.875	4608808.5
897175.8125	4609058	896972.3125	4608820.5
897233.4375	4609037	897019.9375	4608833.5
897249.4375	4609020.5	897072.375	4608862
897260.375	4608997	897131.4375	4608890
897281.4375	4608977	897184.5625	4608900
897340.875	4608946.5	897239.5	4608894.5
897349.25	4608930	897292.25	4608899
897385.5	4608911	897340.1875	4608893.5
897418	4608895.5	897396.9375	4608885
897451.875	4608867.5	897444.6875	4608874
897495.125	4608835.5	897486.125	4608855.5
897562.8125	4608816	897521	4608838.5
897577.75	4608787.5	897548.0625	4608812
897590.25	4608773.5	897579.25	4608772
897647.0625	4608752.5	897613.0625	4608746
897634.5625	4608732	897646.9375	4608710
897691.1875	4608726.5	897683.4375	4608674
897722.25	4608688	897715.125	4608629.5
897745.75	4608659	897746.4375	4608583.5
897774.375	4608644	897778.8125	4608544
897814.5625	4608620.5	897804.875	4608499.5
897853.3125	4608598.5	897846	4608466
897894.0625	4608571	897877.125	4608424.5
897888.0625	4608553	897897.4375	4608372.5
897950.3125	4608510	897921.3125	4608328
898006.375	4608501.5	897943.875	4608277
898003.4375	4608505	897975.4375	4608236.5
898073.1875	4608465	898018.125	4608212.5
898067.375	4608443	898060.5	4608179.5
898130.5625	4608416	898102.9375	4608151.5
898121.1875	4608395.5	898132	4608138.5
898151.5	4608374	898169.1875	4608127.5
898197.3125	4608373.5	898199.75	4608114.5
898230.625	4608335	898245.6875	4608110.5
898264.6875	4608313	898299.5	4608103
898300.4375	4608315.5	898357.9375	4608095.5
898374.625	4608282.5	898415.625	4608090
898365.75	4608259	898462.9375	4608071
898418.0625	4608244	898504	4608043.5
898441.9375	4608217	898537.1875	4608024
898504.9375	4608209	898569.25	4608008.5
898497.9375	4608174.5	898603.6875	4607983
898523.6875	4608157	898647.9375	4607962
898563.1875	4608138.5	898689.5625	4607936.5
898592	4608133	898733.75	4607912
898645.375	4608090.5	898774.6875	4607879.5
898662.75	4608071.5	898806.6875	4607848.5
898697.125	4608065.5	898839.125	4607824
898726.3125	4608049.5	898874.8125	4607806.5
898763.9375	4608015	898902.8125	4607782
898825.4375	4608000.5	898923.5625	4607754.5
898846.75	4607979.5	898948.875	4607706.5
898867.125	4607966.5	898978.25	4607671.5
898903.625	4607970.5	899008.875	4607649
898959.3125	4607929	899036.5625	4607621
898962.3125	4607911.5	899050.1875	4607582.5
899012.25	4607888	899066.5625	4607540
899048.9375	4607855	899097.6875	4607503.5
899033.9375	4607838.5	899124.6875	4607465
899087.9375	4607831	899154.75	4607418
899158.625	4607803.5	899191.1875	4607393.5
899196.4375	4607749	899227.875	4607376
899199.375	4607740.5	899260.375	4607354
899207.9375	4607708	899291.1875	4607330.5
899278.625	4607704.5	899336.25	4607305.5
899255.5625	4607708	899372.3125	4607269.5
899305.6875	4607642	899405.3125	4607231
899319.6875	4607647.5	899433.6875	4607204.5
899381.3125	4607615.5	899460.6875	4607176
899430.5625	4607612	899492.1875	4607153
899474.6875	4607584.5	899527.3125	4607140.5
899484.5625	4607570	899559.5625	4607125.5
899514.6875	4607546	899597	4607102
899565.5625	4607492	899637.875	4607072.5
899559.25	4607491	899672.0625	4607029
899622.4375	4607460	899709.1875	4606992.5
899662.9375	4607417	899741	4606972
899694.4375	4607399.5	899779.0625	4606967
899741.375	4607386	899818.4375	4606956
899736.5	4607335.5	899871.875	4606953.5
899755.6875	4607330.5	899915.4375	4606948.5
899802.625	4607328	899958.375	4606944.5
899855.875	4607268	900010.625	4606944
899865.125	4607244.5	900077.1875	4606934.5
899887.5	4607257	900136.125	4606935.5
899885.75	4607188.5	900183.75	4606927.5
899919.5625	4607184	900218.5	4606911
899974.5	4607180	900251.125	4606892.5
899995.3125	4607138.5	900284.8125	4606869.5
900049.6875	4607110.5	900314.875	4606846.5
900071.5625	4607096	900355.5625	4606833.5
900064.6875	4607072.5	900381.25	4606813
900134.5	4607027	900413.3125	4606788.5
900158.5625	4606999.5	900452.5	4606771.5
900186.875	4606983.5	900494.9375	4606770.5
900190	4606961	900537.5	4606767.5
900245.5625	4606947	900574.1875	4606760.5
900255.6875	4606924.5	900607.875	4606742.5
900318.25	4606892.5	900642.6875	4606728
900333.625	4606816	900673.6875	4606708
900354.5625	4606853.5	900709.1875	4606690
900402.3125	4606826	900749.3125	4606662
900432.6875	4606754.5	900785.8125	4606624
900440.5625	4606742	900814.25	4606588
900486.375	4606711	900841.3125	4606557
900504.9375	4606698	900878.9375	4606537
900547.5	4606679.5	900921.0625	4606525.5
900577.25	4606629	900950.5	4606505
900610	4606601	900974.4375	4606487.5
900615.5	4606581.5	901009.5625	4606468.5
900650.875	4606539.5	901046.6875	4606452
900686.0625	4606523.5	901074.875	4606433
900738.125	4606494.5	901093.375	4606404.5
900790	4606500.5	901112.8125	4606376
900802.75	4606457.5	901133.9375	4606351.5
900827.9375	4606411.5	901142.0625	4606318.5
900853.8125	4606410	901143.5625	4606280.5
900870.8125	4606368.5	901148	4606247
900893.6875	4606344.5	901138.0625	4606202.5
900934.75	4606323	901136.3125	4606152.5
900937.5	4606300	901150	4606111.5
900977.8125	4606276.5	901164.25	4606080
901009.0625	4606243.5	901178.375	4606054.5
901030.9375	4606234	901188.875	4606036
901072.6875	4606208	901202.125	4606008
901100.25	4606178	901226.875	4605983.5
901146.875	4606135.5	901233.625	4605954.5
901174.6875	4606129	901231.8125	4605914
901196.8125	4606111	901232.8125	4605870
901219.75	4606053.5	901242	4605822.5
901254.6875	4606024	901246.875	4605770
901315	4606012.5	901251.6875	4605711
901348.125	4606007.5	901261.75	4605674
901346.5	4605984	901276.25	4605643
901404.4375	4605959.5	901290.0625	4605603.5
901426.9375	4605927.5	901307.4375	4605565.5
901479.5625	4605941.5	901331.375	4605524
901505.1875	4605884	901354.25	4605476
901549.5625	4605874.5	901386.125	4605436
901589.5	4605856	901412.0625	4605393
901582.8125	4605806	901440.5625	4605368.5
901596.375	4605807	901475.5625	4605343
901658.125	4605776.5	901508	4605308
901659.75	4605765.5	901534.25	4605265.5
901692.1875	4605727.5	901562.3125	4605233.5
901760.5625	4605707	901585.625	4605207
901797.8125	4605664.5	901604.75	4605181.5
901821.375	4605658.5	901624.6875	4605156
901870.6875	4605640	901647.375	4605125
901876.3125	4605606	901667.6875	4605100
901915	4605573	901690.75	4605086
901917.75	4605555	901721.0625	4605066.5
901996.9375	4605535	901754.6875	4605043
902032.75	4605503.5	901788.375	4605023
902032.4375	4605492	901814.3125	4605001
902071.3125	4605465.5	901850.5	4604988.5
902106.875	4605427	901890.25	4604979.5
902150	4605389	901921.375	4604966.5
902151.0625	4605380	901956.1875	4604954
902193.875	4605372	901989.875	4604936.5
902211.875	4605342	902020.5	4604918.5
902269.5	4605349	902047.25	4604886
902290.8125	4605292	902071.4375	4604861
902328.5	4605269.5	902094	4604836.5
902389.6875	4605272	902115	4604798
902377.375	4605220.5	902137.9375	4604757
902440.0625	4605227	902164.4375	4604723
902464.375	4605188	902182.3125	4604684
902481.75	4605156	902204.8125	4604656
902516.3125	4605155	902218.0625	4604622.5
902540.5625	4605087	902239.1875	4604592
902589.4375	4605095.5	902271	4604562.5
902628.3125	4605071.5	902304.875	4604535
902628.5625	4605054.5	902333.3125	4604515.5
902690.6875	4605024	902364.5625	4604495.5
902734	4605010	902399.3125	4604474.5
902742.8125	4604952.5	902434.5625	4604467
902784.0625	4604966.5	902463.3125	4604456
902799.0625	4604912	902502.5	4604437.5
902836.5	4604914	902554.0625	4604439
902871.125	4604864	902604.6875	4604441.5
902849.1875	4604844.5	902655.375	4604433.5
902923.1875	4604824	902702.5625	4604420.5
902963.1875	4604816.5	902731.875	4604398.5
902981.5	4604790.5	902754.375	4604368
903018.9375	4604776.5	902777	4604334.5
903080	4604735.5	902808.875	4604303.5
903083.9375	4604718	902841.9375	4604267.5
903111.3125	4604666	902875.8125	4604249.5
903187.75	4604660	902909.3125	4604231
903187.375	4604636	902937.125	4604197.5
903193.6875	4604603.5	902953.625	4604154
903239.9375	4604602.5	902974.8125	4604119.5
903271.5	4604557	903003.75	4604097.5
903323	4604554	903035.3125	4604080
903325.75	4604528	903062.875	4604068
903400.375	4604487.5	903101.8125	4604048.5
903379.875	4604457	903141.5	4604035.5
903421.875	4604418	903172.1875	4604020.5
903467.375	4604417.5	903205.875	4604006.5
903509.75	4604381.5	903243.9375	4604003
903502.4375	4604342	903284.3125	4603996
903557.1875	4604345	903333.5	4603976
903597.5625	4604320.5	903384.9375	4603963.5
903648.875	4604255.5	903431.9375	4603946
903642	4604262.5	903470.875	4603920
903689.0625	4604231	903511.375	4603902.5
903718.3125	4604203.5	903543	4603863
903781.5625	4604151	903578.8125	4603830
903767.0625	4604142	903620.8125	4603808
903814.6875	4604144	903656.6875	4603789
903827.8125	4604081.5	903684.875	4603750
903923.625	4604051	903715.3125	4603722.5
903882.125	4604041	903747.875	4603701.5
903912.9375	4604003.5	903785.5625	4603683
903938	4603981	903821.8125	4603673.5
903966.8125	4603937.5	903858.1875	4603660.5
904038.5625	4603937	903883.0625	4603644
904050.0625	4603889	903914.375	4603619.5
904084.5	4603851	903946.125	4603607
904123.125	4603802	903979.25	4603592.5
904141	4603829	904018.9375	4603564
904173.8125	4603765	904050.25	4603517.5
904189.0625	4603747	904082.8125	4603481.5
904214.625	4603728	904114.5	4603447.5
904226.375	4603704.5	904146.125	4603418
904316.1875	4603688.5	904181.6875	4603395.5
904297.9375	4603652.5	904213.8125	4603375
904303.3125	4603633.5	904246.5625	4603353.5
904404.0625	4603617	904270.6875	4603328.5
904401.125	4603561.5	904301.375	4603311
904448.8125	4603547	904332.5625	4603286
904461.1875	4603560	904364.375	4603261
904475.4375	4603493	904394.75	4603228.5
904515.625	4603492.5	904407.625	4603189
904569.6875	4603444	904422	4603150.5
904568	4603411	904442.9375	4603106
904617.25	4603398	904457.6875	4603063
904634.125	4603344	904478.4375	4603030.5
904644.4375	4603317.5	904509.3125	4602991
904699.9375	4603261.5	904543.9375	4602954.5
904747.9375	4603288.5	904590.1875	4602932.5
904737.5625	4603243.5	904626.625	4602909.5
904775.625	4603248.5	904653.8125	4602883
904847.9375	4603199.5	904682.75	4602859.5
904874.1875	4603189	904715.625	4602838
904850.9375	4603156	904737	4602809.5
904918.0625	4603128	904751.4375	4602782.5
904898.75	4603108.5	904774.3125	4602761.5
904967.3125	4603077	904803.1875	4602743
904993.9375	4603050	904836	4602713
905010.875	4603018	904884.875	4602700.5
905043.75	4603011.5	904926.25	4602683
905030.75	4602972	904967.4375	4602671
905114.0625	4602937	905007.625	4602651
905152.375	4602903	905054.75	4602624
905166.8125	4602899.5	905101.625	4602602.5
905170.875	4602872.5	905155.1875	4602592
905192.8125	4602887	905198.5	4602582.5
905257.6875	4602859.5	905241.125	4602554.5
905283.6875	4602800	905281.3125	4602535
905306	4602814.5	905315	4602509.5
905361.4375	4602765.5	905345.9375	4602475.5
905402.1875	4602747.5	905375.25	4602444.5
905388.875	4602730.5	905397.25	4602415
905445.625	4602708	905418.625	4602385
905493.375	4602694.5	905445.4375	4602361.5
905574.125	4602658.5	905474.6875	4602339.5
905517.4375	4602652	905495.375	4602305.5
905600.3125	4602624.5	905512.4375	4602269.5
905642.5625	4602571.5	905549.5	4602232.5
905650.0625	4602584	905579.875	4602197
905672.5	4602560	905610.5	4602164.5
905695.8125	4602523	905649.5625	4602135.5
905743.3125	4602502.5	905685.0625	4602108
905768.375	4602507	905711	4602076
905823.5625	4602480.5	905738.75	4602039
905827.1875	4602459	905762.8125	4602004
905873.5625	4602426	905782.6875	4601983
905921.5	4602404.5	905809.0625	4601960
905918.625	4602425.5	905840.375	4601926.5
905983.3125	4602358.5	905861.9375	4601888
905988.3125	4602332.5	905895.9375	4601859
906025.0625	4602281.5	905921.125	4601819.5
906050.125	4602252.5	905940.4375	4601775.5
906124.6875	4602278.5	905965.6875	4601746
906137.75	4602245	905990.75	4601718.5
906122.5625	4602226.5	906007.5	4601680.5
906185.625	4602222	906033.25	4601650.5
906263.9375	4602180	906063.1875	4601625.5
906262.8125	4602155	906076.8125	4601585.5
906280.8125	4602130.5	906083.8125	4601546
906312.3125	4602101.5	906096	4601510
906354.3125	4602048.5	906106.875	4601472.5
906396.3125	4602049.5	906126.125	4601439.5
906444.1875	4602014.5	906157.5625	4601416.5
906439.8125	4601984	906181.4375	4601389.5
906492.625	4602029.5	906203.5625	4601369.5
906556.125	4601948	906228.125	4601344.5
906564	4601955.5	906258.875	4601321.5
906583.0625	4601922.5	906281.75	4601302.5
906624.875	4601897.5	906316.1875	4601282.5
906652.0625	4601873.5	906367.3125	4601273.5
906676.25	4601806	906407.5625	4601263
906743.625	4601803	906446.375	4601253.5
906773.125	4601782	906498.5625	4601242.5
906812.25	4601740.5	906542.625	4601234.5
906781.25	4601722	906582.8125	4601219
906857.0625	4601663.5	906635.25	4601212
906859.4375	4601702	906685.1875	4601214
906945.125	4601642.5	906731.8125	4601204.5
906961.0625	4601617	906775.875	4601185
906945.5625	4601624.5	906812.875	4601159.5
907051.6875	4601592	906831.625	4601122.5
907027.4375	4601532.5	906856.5625	4601097.5
907063.1875	4601524	906884.6875	4601086
907079.1875	4601521	906914.3125	4601068
907151.875	4601464	906948.1875	4601056
907171.5	4601412	906989.25	4601060.5
907217.625	4601426	907031.125	4601063.5
907205.5	4601440	907086.5625	4601076
907247.6875	4601381	907137	4601081
907267.9375	4601380.5	907184.75	4601076
907309.9375	4601327	907235.875	4601078
907346	4601302.5	907288.8125	4601086
907398.125	4601278	907337.4375	4601087
907395.8125	4601246.5	907385.375	4601086.5
907431.5625	4601236	907428.625	4601073.5
907481.9375	4601229.5	907469.5	4601056
907488.625	4601189.5	907504.5	4601035.5
907530.875	4601148.5	907543.3125	4601022.5
907556.625	4601120	907577.6875	4601004
907566.375	4601107.5	907601.5	4600978
907626.1875	4601116	907628.9375	4600969.5
907610.5625	4601088	907652.375	4600960.5
907701.375	4601043	907679.375	4600956.5
907709.375	4601038	907706	4600943.5
907706.125	4600981.5	907738.25	4600939
907761.6875	4600970	907769.0625	4600933
907779.125	4600932.5	907802.625	4600931.5
907788.0625	4600894	907843.6875	4600937.5
907842.6875	4600881	907882.0625	4600933
907877.875	4600878	907929.125	4600927
907923.5	4600870.5	907986.375	4600921.5
907964.8125	4600804.5	908038.875	4600906
907956.3125	4600774.5	908079.8125	4600886
907998.1875	4600794	908102.875	4600856
908030.625	4600762.5	908123.8125	4600819
908049	4600725	908145.625	4600790.5
908102.3125	4600672	908178.5625	4600768.5
908103.125	4600689.5	908205.875	4600749.5
908121	4600673.5	908222	4600729.5
908160.5625	4600623	908242.9375	4600706
908207.4375	4600613	908263.9375	4600680
908243.8125	4600573	908283.125	4600664
908266.25	4600547	908298.8125	4600639.5
908279.875	4600558.5	908317.3125	4600623.5
908322.6875	4600559	908338.3125	4600607.5
908400.3125	4600482	908362.125	4600594.5
908401.6875	4600458	908384.1875	4600568.5
908407.625	4600440	908424.625	4600552.5
908468.5625	4600435	908460.9375	4600541.5
908534.375	4600412	908489.3125	4600522
908506.1875	4600384.5	908512.125	4600504.5
908569.0625	4600339	908535.125	4600498
908550.5	4600360	908554.9375	4600487
908630.3125	4600298.5	908578.625	4600481
908656.1875	4600298	908611.625	4600464
908698.5	4600275.5	908640.1875	4600442.5
908774.875	4600262.5	908673.5	4600421.5
908730.5625	4600262	908708.25	4600404
908754.9375	4600200.5	908743.9375	4600377
908853.4375	4600179	908777.9375	4600344.5
908850.8125	4600213.5	908805.4375	4600317.5
908894.75	4600170.5	908833.1875	4600303.5
908950.75	4600125.5	908854.9375	4600286
908984	4600109	908881	4600267
908979.1875	4600080.5	908908.3125	4600250.5
909029.25	4600066.5	908943.125	4600246.5
909055	4600056.5	908975.1875	4600237.5
909124.0625	4600038	908998.5625	4600209.5
909153.4375	4600028.5	909017.8125	4600166.5
909167.5	4600003	909045.5	4600127.5
909235.3125	4599989	909080.0625	4600099
909242.3125	4599966	909107.6875	4600068
909288.3125	4599953.5	909134.9375	4600043
909300.375	4599930	909154.5625	4600013
909315.6875	4599926	909180	4599982
909400.5	4599891	909206.3125	4599952
909380.5	4599878	909225.125	4599919.5
909491.1875	4599857.5	909233	4599883.5
909478.9375	4599820	909244.5625	4599837.5
909509.5	4599824	909267.8125	4599783
909537	4599808.5	909295.625	4599728
909579.9375	4599759.5	909323.8125	4599670
909614.5	4599772.5	909352.75	4599622
909676.75	4599765	909380.25	4599586
909678.6875	4599725	909410.3125	4599533
909729.25	4599690	909444.75	4599492
909746.5625	4599661	909475.1875	4599453
909802.1875	4599659.5	909507.125	4599420
909836.0625	4599647	909533.8125	4599397
909901.875	4599645.5	909560.125	4599368
909881.1875	4599604	909588.625	4599338.5
909948.75	4599573.5	909613.125	4599309
909949.3125	4599595.5	909640.5625	4599287
910000.3125	4599583	909663.9375	4599255.5
910052.875	4599527.5	909686.3125	4599232
910031.1875	4599516.5	909714.5	4599205
910080.0625	4599497.5	909745.6875	4599184.5
910162.25	4599486	909788.625	4599173
910132.3125	4599489	909829.125	4599171.5
910187.25	4599443.5	909871.4375	4599173
910252.5625	4599429	909905.3125	4599170.5
910282.5625	4599430	909927.8125	4599163
910278.625	4599417.5	909957.1875	4599171
910379.4375	4599378	909986.8125	4599183
910383.125	4599368	910017.375	4599199
910386	4599359	910047.625	4599213
910381.5625	4599341	910078.25	4599229.5
910507.375	4599333	910120.375	4599242.5
910481.0625	4599306.5	910167.1875	4599244.5
910559.9375	4599285	910210.375	4599248.5
910564.1875	4599271.5	910252.8125	4599253.5
910623.4375	4599248	910290.3125	4599267
910618.75	4599264	910339.125	4599284.5
910700	4599226.5	910379.9375	4599308
910721.0625	4599227.5	910416.6875	4599318
910768.3125	4599223.5	910464.125	4599318
910805.375	4599194.5	910513.8125	4599327.5
910815.5625	4599158	910557.3125	4599334
910863.8125	4599145	910598.25	4599336
910873.9375	4599133	910637.75	4599343.5
910911	4599140	910680.125	4599354
910985.75	4599119	910726	4599366.5
910959.3125	4599103.5	910776.25	4599368.5
911057.5625	4599082	910827.1875	4599369.5
911082.375	4599046	910869.8125	4599382
911114.1875	4599057	910915.375	4599392
911153.6875	4599043	910972.6875	4599399
911188.5	4599006	911025.8125	4599395
911200.875	4599002	911077.1875	4599387
911235.4375	4599011	911123.8125	4599390.5
911278.125	4598986	911161.75	4599390.5
911329.6875	4598969	911200.4375	4599396.5
911352.25	4598962.5	911240.6875	4599395
911421.625	4598951.5	911280.1875	4599386.5
911451.5625	4598932	911318.875	4599375.5
911438.9375	4598915	911345.125	4599357
911517.375	4598897	911382.6875	4599344.5
911513.125	4598908.5	911420.5625	4599332.5
911549.0625	4598870.5	911449.5	4599326
911620	4598864	911476.375	4599327
911593.75	4598841.5	911498.8125	4599330
911644.4375	4598842	911528.4375	4599328
911654.1875	4598822.5	911563.8125	4599318
911794.5	4598818.5	911601.5	4599310.5
911768.3125	4598804	911630.8125	4599304
911846.8125	4598779.5	911647.6875	4599279.5
911879.4375	4598788.5	911667.6875	4599255.5
911898.25	4598772.5	911695.8125	4599233
911906.625	4598756	911716.9375	4599208.5
911996	4598735	911736.625	4599177
912051.125	4598739.5	911765.3125	4599159
912022	4598711.5	911791.125	4599150
912050.375	4598713.5	911816.4375	4599134
912164.625	4598718	911839.625	4599101
912124.625	4598695.5	911869.4375	4599074
912200.6875	4598659	911902.75	4599045.5
912198.4375	4598672.5	911941.375	4599014.5
912267	4598643	911981.8125	4599005.5
912329.5625	4598646	912021.9375	4599003.5
912319.125	4598621	912047.4375	4598994.5
912353.5625	4598617	912075.125	4598990.5
912387.5625	4598596	912111.875	4599000.5
912450.25	4598590	912142.8125	4598998.5
912460	4598570	912185.3125	4598994
912445.8125	4598555.5	912234.5625	4598994
912514.9375	4598519.5	912267.875	4598984.5
912591.9375	4598530.5	912300.125	4598979.5
912571.1875	4598517.5	912325.875	4598959.5
912679.125	4598493	912351.6875	4598933.5
912644.5	4598477.5	912381.5	4598902.5
912704.6875	4598466.5	912413.25	4598875
912710.875	4598461	912444.875	4598857.5
912787.125	4598422.5	912478.75	4598845.5
912856.3125	4598415	912518.9375	4598847.5
912863.0625	4598399.5	912564.4375	4598851.5
912897.9375	4598379.5	912604.6875	4598846
912945.25	4598378.5	912656.625	4598856
912982.4375	4598353	912710.4375	4598870.5
913029.8125	4598320	912765.0625	4598892
913019.75	4598317	912817.0625	4598903.5
913089.6875	4598304	912870.0625	4598912
913101.3125	4598274.5	912925.6875	4598929.5
913152.375	4598265	912982.6875	4598958.5
913223.75	4598244.5	913040.125	4598988
913160.5625	4598222.5	913092.125	4599006
913202.375	4598210	913145.8125	4599030
913305.5625	4598182	913198.3125	4599058.5
913288.125	4598180.5	913243.1875	4599093.5
913340.25	4598180.5	913300.5625	4599140
913392.5	4598136	913364	4599171
913367	4598107.5	913426.375	4599188
913477.25	4598108	913484.375	4599206.5
913490.0625	4598098	913539.4375	4599228
913559.4375	4598070.5	913603.8125	4599256
913543.1875	4598046	913666.875	4599289.5
913533.375	4598045	913729.4375	4599324
913612.5625	4598014	913797.5625	4599360.5
913633.0625	4597984.5	913855.75	4599397
913674.25	4597981	913910.25	4599431
913760.6875	4597948	913966.25	4599448.5
913733.125	4597947.5	914019.8125	4599452.5
913724.8125	4597942	914072.0625	4599455
913847.4375	4597912	914125	4599463
913838.75	4597901.5	914176.3125	4599467.5
913868.0625	4597871.5	914231.375	4599473.5
913985.1875	4597851	914280.625	4599468
913956.75	4597829	914332.75	4599459.5
913975.625	4597845	914387.6875	4599455.5
913986.375	4597799.5	914430.0625	4599436.5
914052	4597796.5	914460.1875	4599413.5
914056.125	4597793.5	914499.0625	4599370.5
914117.5	4597758	914551.5625	4599335.5
914141.875	4597725.5	914589.375	4599299
914206.5	4597698	914624.3125	4599267.5
914205.6875	4597676	914661.8125	4599231.5
914241.1875	4597647.5	914702.9375	4599191
914250.6875	4597631.5	914742.3125	4599156.5
914284.4375	4597623	914789.8125	4599121
914297.625	4597613.5	914829.625	4599075.5
914410.9375	4597589.5	914859.3125	4599025
914399.1875	4597565	914897.125	4598979
914460.5	4597549	914935.0625	4598939
914472.625	4597514	914966.75	4598912
914519.75	4597519.5	915007.4375	4598884.5
914526.5625	4597494	915052.3125	4598853
914592.6875	4597491.5	915092.875	4598826.5
914533.375	4597466.5	915131.8125	4598808.5
914607	4597435.5	915174.8125	4598796
914633.3125	4597413.5	915223.75	4598782.5
914729.5	4597395	915262.375	4598770.5
914726.1875	4597355.5	915302.0625	4598762.5
914799.75	4597339.5	915346.375	4598749
914782.0625	4597343	915398.6875	4598729
914780.0625	4597319	915454.0625	4598690.5
914847.8125	4597293	915496.6875	4598653.5
914869.75	4597267	915524.4375	4598620
914873.3125	4597252	915555.6875	4598572.5
914912.5	4597253.5	915583.9375	4598528.5
914961.8125	4597230.5	915610.625	4598503
915002.9375	4597217	915645.5625	4598472.5
915017.4375	4597148	915664.5625	4598442.5
915054.9375	4597134	915676.5	4598403.5
915113.875	4597125	915699.625	4598356
915058.6875	4597114	915717.625	4598310.5
915141.625	4597056.5	915736.9375	4598268.5
915159.8125	4597081	915762.5	4598235.5
915202.375	4597016.5	915788.8125	4598197
915217.0625	4597018	915815.25	4598159
915265.75	4596986.5	915836.0625	4598121
915279.875	4596970	915862.9375	4598099.5
915315.1875	4596976.5	915894.625	4598072
915319.125	4596939.5	915923.0625	4598040.5
915360.4375	4596942.5	915953	4598011.5
915342.875	4596921.5	915991.1875	4597979.5
915384.4375	4596877.5	916019.8125	4597952
915410.5625	4596862	916039.3125	4597918
915470.625	4596831.5	916048.6875	4597884
915479.75	4596811	916065.75	4597843
915515.375	4596810	916089.625	4597798.5
915570.8125	4596807.5	916105.625	4597756.5
915594	4596740.5	916123.125	4597716
915560.4375	4596736.5	916138	4597683.5
915653.5	4596691	916154.6875	4597651
915636.5	4596713.5	916171.0625	4597610
915710.875	4596661	916190.125	4597560
915697.4375	4596669.5	916205.5625	4597525
915753.75	4596607	916228.375	4597495
915772	4596613.5	916255.9375	4597472.5
915793.25	4596593	916283.5	4597443
915801.4375	4596559	916304.5	4597417
915838.6875	4596544.5	916323.6875	4597395.5
915828.1875	4596499	916341.25	4597365.5
915898.5625	4596482.5	916346.875	4597326
915928	4596418	916347.5625	4597278
915905.375	4596454	916343.6875	4597240
915981.3125	4596409.5	916340.5625	4597198.5
915975.25	4596410.5	916334.5625	4597140.5
915992.1875	4596399	916326.875	4597074.5
916028.6875	4596346.5	916313.875	4597008.5
916132.1875	4596394	916300.5	4596949.5
916103.875	4596340.5	916292.6875	4596882.5
916134.25	4596289	916291	4596820
916153.3125	4596258.5	916295.9375	4596761.5
916143.5625	4596269.5	916298	4596717
916214	4596289	916298.5	4596687
916257.6875	4596208	916300.8125	4596646.5
916295	4596232.5	916315.6875	4596610.5
916273.875	4596223	916321.5625	4596571.5
916321.25	4596208	916324.6875	4596532
916330.4375	4596155	916326.8125	4596496.5
916368.25	4596136	916336.5625	4596462.5
916411.9375	4596147.5	916339.9375	4596414.5
916396.9375	4596115.5	916355.5	4596361.5
916398.8125	4596098.5	916378.1875	4596331.5
916455.5	4596061	916404.5625	4596316.5
916494.4375	4596055.5	916431.8125	4596296
916518	4595980.5	916456.25	4596274.5
916546.8125	4596004	916476.8125	4596256
916554.9375	4595984	916493.9375	4596237.5
916585.1875	4595985	916516.75	4596220
916616.875	4595947.5	916531.4375	4596200.5
916618.9375	4595916.5	916565.3125	4596184.5
916650.5	4595948.5	916590.625	4596164
916680.0625	4595880	916608.625	4596140
916694.875	4595829	916621.0625	4596097.5
916700.1875	4595842.5	916631.8125	4596061
916760.4375	4595809	916660.1875	4596040.5
916797.8125	4595770.5	916675.8125	4596018.5
916816.6875	4595710.5	916691.75	4596000.5
916829	4595706	916706.8125	4595986.5
916838.0625	4595684	916729.3125	4595965
916825.6875	4595691	916743.0625	4595937.5
916906.75	4595642	916752.9375	4595908.5
916912.25	4595660.5	916769.6875	4595887
916952.8125	4595578	916772	4595862.5
916982.625	4595564	916772.5	4595833.5
916990.3125	4595517	916776.75	4595797
917016.25	4595445.5	916779.8125	4595756
917042.375	4595518	916782.6875	4595716
917091.1875	4595499.5	916786.375	4595672.5
917099	4595426	916803.5625	4595634.5
917117.5	4595404.5	916817.4375	4595598.5
917152.3125	4595412.5	916828.8125	4595559.5
917137	4595341	916849.0625	4595526.5
917175.5625	4595331	916870.0625	4595494
917206.25	4595277	916883.875	4595458
917244.375	4595291	916906.5	4595424.5
917273.75	4595278	916931.625	4595392.5
917259.5625	4595268	916948.625	4595351.5
917314	4595184	916959.3125	4595307.5
917324.375	4595163.5	916969.9375	4595273
917355.8125	4595112.5	916975.9375	4595248
917371.75	4595167	916977.6875	4595220
917383.75	4595123	916997.4375	4595188.5
917425.125	4595050	917020.125	4595157.5
917464.125	4595112.5	917049.3125	4595131
917480.625	4595032	917080.5625	4595094.5
917526.4375	4595033.5	917105.125	4595061
917529.875	4594941.5	917137.75	4595031
917549.1875	4594945.5	917174.5625	4594999
917554.875	4594948.5	917204.6875	4594959
917582	4594892.5	917238	4594918.5
917624.4375	4594855	917263	4594882
917631.5	4594803.5	917284.1875	4594844
917681.6875	4594789	917312.4375	4594807.5
917669.0625	4594813.5	917355.5625	4594776
917692.625	4594719.5	917394.6875	4594750.5
917691.75	4594724	917430.9375	4594720.5
917750.0625	4594654	917456.3125	4594680
917787.0625	4594620.5	917478.875	4594634
917808.5	4594640	917499.9375	4594606.5
917807.25	4594621	917524.5	4594583.5
917860	4594632	917566.375	4594561.5
917875	4594586	917601.3125	4594549
917875.125	4594532	917629.4375	4594528
917902.9375	4594523	917659.75	4594504
917957.5625	4594419	917687.4375	4594477.5
917968.375	4594430.5	917722.0625	4594448
917983.4375	4594429	917753.5625	4594416
918051.5625	4594393	917779.5625	4594395
918044.5625	4594374.5	917798.1875	4594373.5
918083.5625	4594346.5	917807.625	4594347
918099.875	4594289.5	917834	4594327
918102.4375	4594226	917867.125	4594304.5
918146.375	4594275.5	917889	4594271
918159.8125	4594209	917905.3125	4594228
918181.5625	4594239	917919.1875	4594185
918202.375	4594213.5	917928.9375	4594129.5
918208.4375	4594085.5	917942.5	4594080.5
918237.625	4594063.5	917957.3125	4594035
918277.375	4594019.5	917981.625	4593998.5
918281	4594040	918006.75	4593963
918322.875	4593985	918039.9375	4593934
918331.75	4594011.5	918066.5625	4593894.5
918359.375	4593908	918092.125	4593851
918398.5	4593910	918118	4593807.5
918413.875	4593882.5	918143.1875	4593770
918424.4375	4593868.5	918158.8125	4593728.5
918451.3125	4593826	918178.75	4593691.5
918445.4375	4593780.5	918199.125	4593662
918511.25	4593773	918219	4593638.5
918515.8125	4593783.5	918233.25	4593606.5
918583.1875	4593688.5	918247.375	4593566.5
918552.875	4593640.5	918269.3125	4593529
918601.5625	4593650.5	918300.4375	4593497.5
918596.3125	4593606.5	918327.0625	4593474.5
918636.5	4593616.5	918343.1875	4593449
918673.125	4593576.5	918372.5625	4593422.5
918691.4375	4593500	918405.75	4593391
918726.25	4593508	918441.5	4593362
918747.75	4593455.5	918480.6875	4593328
918789.125	4593425	918519.875	4593292
918787.8125	4593445	918549.4375	4593253
918808.625	4593415.5	918576.6875	4593212.5
918860.625	4593343.5	918611.875	4593185
918875.375	4593308.5	918648.5625	4593158.5
918942.75	4593421.5	918683.5625	4593126
918941.125	4593252.5	918728.5625	4593092.5
918957.0625	4593249.5	918776.375	4593064.5
918965.6875	4593215.5	918823.5	4593029
918990.9375	4593149.5	918870.9375	4592997.5
919033.0625	4593210.5	918912.0625	4592965
919089.625	4593130.5	918954.0625	4592935.5
919114.125	4593131	919001.125	4592913.5
919146.625	4593081.5	919052.9375	4592889
919160.4375	4593076.5	919099.8125	4592862.5
919187.375	4593025.5	919141.5625	4592835.5
919200	4593006	919182.4375	4592808.5
919251.9375	4592943	919226.25	4592781
919265.75	4592916	919266	4592749
919311.25	4592869	919311.375	4592717
919334.875	4592852	919351.4375	4592678.5
919355.625	4592764.5	919385.1875	4592640.5
919370.9375	4592771.5	919411	4592607.5
919423.875	4592777.5	919441.4375	4592574
919450.625	4592795	919480.0625	4592539.5
919451.6875	4592753	919513.75	4592512.5
919502.6875	4592628.5	919547.75	4592492
919530.1875	4592657.5	919578.6875	4592466.5
919547.75	4592615.5	919606.375	4592442.5
919579.3125	4592593.5	919629.1875	4592419
919615.4375	4592575.5	919660.8125	4592397.5
919662.75	4592501	919687	4592369.5
919680.6875	4592510	919717.875	4592345.5
919682.5625	4592475.5	919744.1875	4592321
919722.8125	4592489	919771.75	4592296.5
919750.1875	4592462.5	919811.375	4592276
919784.25	4592410	919850.375	4592257.5
919823.6875	4592405	919888.4375	4592234.5
919863.375	4592349.5	919921.5625	4592215.5
919879.6875	4592281	919953	4592194
919902.5	4592311	919980.8125	4592171.5
919930.5625	4592365.5	920013.0625	4592153.5
919951.4375	4592278	920043.3125	4592133.5
920000.875	4592225.5	920072.625	4592118
920026.5	4592150	920102.125	4592098.5
920072.75	4592108.5	920142.875	4592092.5
920090.75	4592090.5	920184.8125	4592090
920101.375	4592028.5	920224.75	4592093
920141.3125	4592107	920260.5	4592093.5
920158.0625	4591991	920302.8125	4592090.5
920216.0625	4591953.5	920346.125	4592079
920228.6875	4591932	920386.375	4592063
920263.625	4591966	920430.375	4592050.5
920299.4375	4591884.5	920474	4592044
920334.3125	4591940.5	920513.25	4592033
920353.625	4591864	920556.25	4592021
920404.4375	4591862	920601	4592011
920418.5625	4591828	920651.4375	4592000.5
920443.25	4591791.5	920700.875	4591991
920479.25	4591787.5	920752.375	4591981.5
920502.4375	4591787	920801.125	4591971.5
920540.375	4591764.5	920850.75	4591967
920586	4591701	920901.25	4591960
920624.125	4591714.5	920943.875	4591948
920642.0625	4591642	920983.0625	4591937
920662.5	4591606.5	921025.3125	4591929
920712.5625	4591710.5	921070.9375	4591925.5
920724.125	4591609	921117	4591931.5
920758.1875	4591506	921151.5625	4591935.5
920794.625	4591560	921180.8125	4591936
920844.0625	4591519.5	921216.6875	4591934.5
920855.875	4591442	921261.25	4591938
920886.9375	4591491.5	921311.4375	4591943
920907.375	4591391.5	921354.0625	4591941
920955.9375	4591413.5	921385.6875	4591933.5
920983.75	4591439.5	921415.0625	4591932
921002.125	4591359.5	921441.875	4591928
921042	4591308.5	921462.3125	4591919.5
921068.8125	4591315	921492.75	4591911
921105.375	4591280.5	921520.8125	4591897.5
921144.5	4591319	921548.25	4591886
921167.125	4591223.5	921575.1875	4591873
921201.9375	4591277	921603	4591857
921223	4591221	921637.5625	4591841
921252.875	4591218	921671.1875	4591819
921290.6875	4591179	921712	4591792
921316.125	4591233	921747	4591765.5
921363.4375	4591058.5	921773.75	4591737
921386.4375	4591079	921801.5625	4591713
921415.0625	4591077	921835	4591687.5
921451.875	4591022.5	921864.125	4591658
921477.375	4590980	921895.8125	4591626
921486.5	4590851.5	921930.3125	4591601.5
921543	4590980.5	921966	4591574
921538.0625	4590806	921998.6875	4591546
921602.1875	4590869.5	922030.25	4591516
921614.3125	4590867	922062.875	4591485.5
921656.0625	4590839	922094.9375	4591453.5
921667.625	4590791	922120.4375	4591419.5
921700	4590809.5	922146.4375	4591388
921738.125	4590719.5	922172.6875	4591351
921774	4590719	922199.0625	4591312.5
921785	4590771	922226.5625	4591270.5
921830	4590639.5	922253.5	4591228.5
921817.5625	4590650.5	922282.6875	4591183.5
921883.8125	4590568.5	922315	4591137.5
921923.9375	4590571.5	922351.0625	4591102.5
921909.8125	4590563	922386.1875	4591074.5
921971.125	4590559	922413.4375	4591038.5
921998	4590514.5	922435.875	4591005.5
922016	4590389.5	922459.75	4590974
922030.625	4590310.5	922477.5625	4590935
922062.9375	4590315.5	922494.5	4590897
922116.9375	4590409	922517.3125	4590867
922126.75	4590432	922542.5625	4590837.5
922177	4590270.5	922572.875	4590799.5
922203.5	4590188.5	922605.125	4590765
922231.0625	4590232.5	922636.4375	4590727
922217.8125	4590203.5	922667.3125	4590687.5
922269.375	4590097.5	922694.875	4590653.5
922266	4590089	922710.6875	4590621
922319.4375	4590111	922730	4590590.5
922358.75	4590059.5	922757.875	4590562.5
922348.75	4590043	922789.5625	4590539
922403.9375	4589944.5	922820.8125	4590517
922433.1875	4589968	922856.0625	4590503
922453.4375	4589950.5	922879.6875	4590483
922493	4589912	922903.25	4590458
922519.375	4589906.5	922930.875	4590446.5
922529.1875	4589908.5	922959.75	4590435.5
922547.75	4589776.5	922979.5	4590415
922567.75	4589743	922993.6875	4590394
922616.125	4589735.5	923001.625	4590380
922622.875	4589745.5	923016.5625	4590358
922649.0625	4589711.5	923034.3125	4590334
922686.5	4589674.5	923059.0625	4590322
922726.3125	4589729	923079	4590307
922714.8125	4589580	923099	4590291.5
922753.1875	4589563.5	923121.3125	4590279.5
922759.0625	4589531	923148.625	4590269.5
922816.3125	4589502.5	923172.375	4590250.5
922850.0625	4589397	923197.0625	4590229
922853.875	4589378.5	923226.4375	4590209.5
922880.75	4589331.5	923261.5	4590194
922890.875	4589383	923293.625	4590176.5
922924.4375	4589374	923325.625	4590167.5
922938.375	4589283	923362.5	4590167.5
922977.1875	4589200	923390.375	4590164
923029.375	4589223	923429.375	4590150.5
923058.5625	4589321.5	923468.125	4590142.5
923058.5	4589214	923512.75	4590141.5
923075.3125	4589144.5	923561.3125	4590141
923100.8125	4589125	923608.625	4590140
923166.375	4589065	923652.0625	4590132.5
923176.8125	4589129	923692.5	4590132
923216.8125	4589083	923723.125	4590128
923248.6875	4588914	923743.4375	4590110.5
923265.625	4588878.5	923767.1875	4590103.5
923311.9375	4588851	923788.25	4590096
923275.5625	4588876.5	923810.5625	4590078
923320.8125	4588798	923830.4375	4590062
923371.3125	4588851.5	923851.875	4590046.5
923373.375	4588710.5	923875.5625	4590024
923413.3125	4588706	923899.375	4590006
923400.9375	4588788.5	923922.75	4589992.5
923407.625	4588737	923944.25	4589974
923499.8125	4588663	923972.375	4589955.5
923515.5	4588616	923991.9375	4589935
923521.375	4588503	924010.9375	4589906.5
923552.25	4588549.5	924034.875	4589877
923586.3125	4588459.5	924050.5	4589845.5
923604.3125	4588415	924077.9375	4589818
923658.75	4588490	924108.9375	4589789
923636.125	4588362.5	924144.4375	4589759.5
923683.8125	4588293	924179.875	4589728.5
923713.5	4588360	924204.375	4589696
923760.75	4588316.5	924231.6875	4589663
923772	4588274	924258.625	4589634
923855.75	4588273	924290.25	4589604.5
923840.4375	4588206.5	924323.0625	4589579
923840.9375	4588219	924369.1875	4589552
923888.3125	4588173	924413.9375	4589521.5
923901.5625	4588072.5	924455.75	4589495.5
923945.625	4588064.5	924503	4589472.5
923945.875	4588020.5	924541.875	4589442
923969	4587990.5	924580.9375	4589407.5
924018.125	4587857.5	924624.9375	4589382.5
924016.8125	4588019.5	924672.125	4589356.5
924063.8125	4587907.5	924716.125	4589325
924103.9375	4587880.5	924764.0625	4589297.5
924127.3125	4587925.5	924798.5	4589266.5
924160.375	4587708	924830.25	4589238.5
924189.625	4587882	924862.4375	4589211.5
924220.625	4587685	924888.3125	4589183.5
924232.9375	4587645.5	924920.9375	4589158.5
924259.0625	4587673	924958.1875	4589136
924314.625	4587596	925003.6875	4589119
924331.125	4587585.5	925053.625	4589098.5
924354.4375	4587525	925100.5625	4589079
924387.4375	4587622.5	925144.9375	4589071
924366.625	4587611.5	925182.625	4589062.5
924426.1875	4587517	925215.25	4589053
924465.4375	4587491	925249.8125	4589042.5
924486.1875	4587508	925287.9375	4589038.5
924562.5625	4587381.5	925323	4589034.5
924549.625	4587353	925351.875	4589029.5
924607.1875	4587322.5	925382.5625	4589024
924630.0625	4587362	925417.4375	4589014
924641.6875	4587317	925448.4375	4588995
924692.4375	4587292	925487.5	4588977.5
924706.8125	4587275.5	925520.9375	4588964
924731	4587185.5	925558.8125	4588952
924751.8125	4587142.5	925589.875	4588934.5
924809.6875	4587168	925622.6875	4588911
924816.0625	4587166.5	925653.1875	4588883
924868.8125	4587115.5	925693.1875	4588865
924853.0625	4587010	925727.8125	4588838
924855	4587043	925750	4588807.5
924882.875	4586953	925779.25	4588778.5
924938.3125	4586933.5	925805.1875	4588744.5
924939.375	4586932.5	925818.5625	4588700
924986.375	4586798.5	925835	4588653
925003.125	4586830.5	925845.375	4588607
925029.5	4586847	925862.125	4588566.5
925076.9375	4586816.5	925875.3125	4588525
925082.4375	4586678	925894.75	4588479
925105.25	4586572	925911.9375	4588432
925146.4375	4586713	925926.8125	4588385.5
925138.8125	4586569	925943.625	4588337.5
925170.1875	4586604.5	925958.5	4588290.5
925203.875	4586544.5	925969.625	4588239.5
925236.875	4586459	925981.25	4588195
925236.75	4586432	925993.8125	4588157.5
925248.3125	4586403.5	926010.5	4588114.5
925274.75	4586300.5	926024.625	4588069.5
925298.8125	4586274	926032.625	4588026
925353.125	4586341	926050	4587982
925367.6875	4586206.5	926069.375	4587937
925363.5	4586182	926076.25	4587891.5
925422.0625	4586198.5	926085.0625	4587845
925408.0625	4586123	926105.5625	4587799
925396.3125	4586170	926122.8125	4587760
925453.3125	4586088	926141.75	4587724.5
925430.5625	4585996.5	926148.5	4587698
925462.25	4586080	926150.0625	4587657
925514.75	4585942.5	926149.3125	4587618.5
925513.875	4585909	926163.625	4587582.5
925524	4585928	926190.6875	4587548
925548.25	4585962.5	926221.1875	4587519
925581.1875	4585729	926245.625	4587481
925582	4585741	926264	4587442
925629.375	4585670.5	926276.3125	4587400
925621.0625	4585747.5	926288.25	4587359
925623.875	4585600	926308.875	4587320.5
925682.4375	4585602	926326.5625	4587278.5
925713.875	4585631	926339.5625	4587235
925742.4375	4585649	926357.25	4587199.5
925758	4585562	926375.8125	4587164
925794.25	4585506	926394.4375	4587128.5
925795.1875	4585387	926418.9375	4587098
925804.75	4585378	926436.6875	4587064
925855.125	4585384.5	926455.5625	4587028
925888.9375	4585349.5	926472.8125	4586993.5
925919.3125	4585334.5	926486.8125	4586955.5
925917	4585306	926507.4375	4586920
925958.1875	4585257.5	926523.375	4586878.5
925988.5625	4585245.5	926539.5625	4586831
926012.625	4585255.5	926550.75	4586778
926010.5625	4585239	926564.625	4586727.5
926053.25	4585080.5	926568.6875	4586671.5
926055.1875	4585070.5	926571.3125	4586612
926073.3125	4585155.5	926564.375	4586545.5
926108.375	4585064	926568.5	4586483
926148	4584887.5	926570.25	4586418.5
926152.6875	4584906	926564.5625	4586354
926171	4584878	926572.875	4586300
926226.875	4584881	926580.8125	4586251.5
926243.9375	4584792.5	926583.0625	4586201
926281.75	4584752.5	926586.9375	4586146.5
926277.6875	4584842	926585.1875	4586090.5
926342.1875	4584801.5	926584.75	4586032
926327.75	4584746	926591.0625	4585976.5
926337.0625	4584798	926598.875	4585919.5
926388.8125	4584634	926605.5625	4585862
926443.0625	4584647	926607.8125	4585802.5
926460.6875	4584498	926611	4585749
926443.5625	4584479.5	926618.5	4585701.5
926488.1875	4584548.5	926623.625	4585642.5
926507.9375	4584599	926633.6875	4585584
926548.625	4584459	926649.25	4585533.5
926615.4375	4584510	926675.3125	4585489
926629.6875	4584352	926701.9375	4585447.5
926655.125	4584482.5	926728.125	4585414
926692.25	4584362.5	926761.5	4585382
926735.625	4584346	926797.5625	4585348.5
926748	4584285	926830.25	4585313
926772.875	4584275	926863.75	4585276.5
926851.125	4584238.5	926898.25	4585242
926840.875	4584186	926934.25	4585209
926885.9375	4584154	926967.8125	4585177
926914.125	4584115	927004.875	4585151.5
926915.875	4584107.5	927043.5	4585119.5
926989.1875	4584031	927085.1875	4585095
927016.375	4584030.5	927122	4585070
927029.125	4583939	927153.3125	4585040
927102.6875	4584081	927190.3125	4585011.5
927088.5625	4583794	927221.5	4584981
927165.25	4583887.5	927239.75	4584934.5
927158.625	4583943.5	927254.8125	4584884
927208.25	4583840	927280.375	4584852
927244.5625	4583756	927310.6875	4584822
927258.625	4583680	927348.3125	4584781.5
927280.5625	4583681	927380.25	4584737
927350.25	4583718	927405.75	4584688.5
927368.875	4583584	927424.1875	4584638.5
927393.875	4583657	927442.125	4584584.5
927436.625	4583605	927465	4584537.5
927467.0625	4583569.5	927488.5	4584490
927485.8125	4583594.5	927509.625	4584443
927535.3125	4583570.5	927531.8125	4584393
927550.625	4583491.5	927553.75	4584337
927582.125	4583419	927572.1875	4584284.5
927654.75	4583390.5	927591.6875	4584232.5
927637.9375	4583396	927608.875	4584176
927663.9375	4583257	927629.375	4584119
927738.8125	4583335.5	927650.4375	4584065.5
927705.5	4583427	927675	4584015.5
927781.375	4583172	927704.875	4583964
927812.6875	4583395	927738.375	4583913.5
927845.375	4583274.5	927769.875	4583866
927844.875	4583149	927796	4583815.5
927932.4375	4583167	927820.8125	4583762.5
927927.9375	4583206	927847.125	4583708.5
927972	4583125.5	927878.3125	4583662
928005.375	4583180.5	927904.5625	4583620.5
928018.9375	4582953.5	927929.5625	4583572.5
928091.125	4583129.5	927954.4375	4583515.5
928084.375	4582918	927979.75	4583463.5
928140.4375	4583005.5	928007	4583413
928146.25	4582842.5	928036.125	4583367
928218.125	4582868.5	928057.9375	4583310
928243.4375	4582857.5	928085.75	4583260.5
928259.8125	4582848.5	928115.8125	4583216
928304.1875	4582812.5	928145.0625	4583169.5
928377.8125	4582842	928171.5	4583118
928402.75	4582808.5	928194.625	4583069.5
928434.4375	4582810.5	928221.8125	4583022
928464.8125	4582761	928249.625	4582974.5
928492.125	4582697	928273.125	4582923
928511.75	4582718	928298.8125	4582873.5
928557.5625	4582577	928324.5625	4582824
928552.4375	4582636.5	928348.6875	4582777.5
928631.375	4582611.5	928376.875	4582732
928630.5625	4582538.5	928406	4582681.5
928648.625	4582564	928431.625	4582631
928697.1875	4582533.5	928459.75	4582585
928754.0625	4582376.5	928490.625	4582538
928784.3125	4582308.5	928519.5	4582483
928791	4582403.5	928558.125	4582436
928821.5	4582243	928589.9375	4582388.5
928876	4582219.5	928620.875	4582339.5
928889.25	4582298	928652.25	4582296
928921.6875	4582276.5	928686.3125	4582250
928959.4375	4582283.5	928714.5	4582203
928961.0625	4582216.5	928743.0625	4582159.5
929044.8125	4582143	928767.4375	4582116.5
929083.4375	4582098	928791.5625	4582080.5
929079.1875	4582129.5	928817.3125	4582039.5
929130.5625	4582002	928850.375	4582005.5
929133.5	4582019.5	928887.4375	4581983
929190.75	4582005.5	928920.25	4581953.5
929224.8125	4581911.5	928947.5625	4581917.5
929215.625	4581942	928977.0625	4581888.5
929267.125	4581885	929019.1875	4581869.5
929321.4375	4581793	929065.125	4581852
929331.9375	4581830	929110.1875	4581837.5
929340.875	4581777	929148.8125	4581814
929406.25	4581809.5	929182.75	4581788
929440.3125	4581806	929221.5	4581757
929458.625	4581623.5	929259.5	4581729.5
929473.5625	4581709	929293.75	4581697
929495.875	4581622	929317.4375	4581660.5
929558.5	4581669	929340.1875	4581616
929546.25	4581580.5	929379.0625	4581586
929572.5	4581689.5	929410.1875	4581550.5
929581.375	4581470	929431.9375	4581508.5
929668.1875	4581438.5	929464.4375	4581471.5
929685.0625	4581427.5	929497.75	4581437.5
929705.75	4581359	929522.25	4581398
929749.5	4581391.5	929546.625	4581357.5
929784.1875	4581254	929578.375	4581318
929773.5625	4581311.5	929601.9375	4581278.5
929792.6875	4581225.5	929625.3125	4581242
929860.6875	4581239	929658.8125	4581208.5
929871.1875	4581191.5	929693.9375	4581166.5
929961	4581194	929720.625	4581115
929956.5625	4581124	929753.8125	4581076
929978.125	4581165.5	929784.0625	4581037
930025.0625	4581096	929815.4375	4581007.5
930034	4581097	929842.25	4580973.5
930042	4581079.5	929871.5625	4580935.5
930120.8125	4581039	929905.5625	4580914
930144.25	4580918	929938.5	4580882.5
930171.6875	4580944.5	929975.5	4580852.5
930237.6875	4580923.5	930012.125	4580827
930210.625	4580874	930052.625	4580797.5
930287.6875	4580845.5	930088.4375	4580761.5
930327.1875	4580959	930125.8125	4580726.5
930365.4375	4580919	930162.0625	4580690
930386.75	4580880.5	930192.4375	4580649
930459.4375	4580750.5	930228.3125	4580621.5
930505	4580828.5	930272.4375	4580603.5
930501.4375	4580861	930324.375	4580596
930533.375	4580746.5	930368.5	4580582
930572.3125	4580650.5	930408.75	4580564.5
930600.75	4580640	930445.9375	4580547.5
930643.625	4580611.5	930491	4580528.5
930648.6875	4580529	930535.5	4580506.5
930703.6875	4580570.5	930568.6875	4580481
930732.8125	4580447	930594.8125	4580450.5
930797.25	4580454.5	930626.9375	4580413
930768.125	4580598.5	930673.8125	4580385.5
930821	4580448.5	930713.25	4580357.5
930822.5	4580378.5	930745.5	4580328.5
930844.9375	4580353.5	930787.375	4580299
930897.75	4580279.5	930834.0625	4580265.5
930938.8125	4580302.5	930874.0625	4580237.5
930964.25	4580282.5	930898.75	4580196
930983.8125	4580186.5	930928	4580159.5
931000.9375	4580251.5	930968	4580126.5
931040.5	4580343	931000.8125	4580088.5
931061.6875	4580221	931020.0625	4580053.5
931072.375	4580174	931041.625	4580018
931099.375	4580213.5	931077.6875	4579991.5
931098.3125	4580149.5	931115.9375	4579958.5
931161.1875	4579986.5	931145.3125	4579927
931154.375	4580018.5	931172.5	4579898
931219.8125	4580096.5	931199.125	4579866.5
931236	4579997	931228.4375	4579836
931223.4375	4580013	931250.1875	4579804.5
931274.75	4579953	931271.0625	4579761.5
931261.8125	4579993.5	931291.5	4579735
931312.3125	4579863.5	931312.8125	4579708
931324.9375	4579899.5	931338.625	4579681.5
931380.3125	4579764.5	931356.375	4579643.5
931371.125	4579857.5	931371.5625	4579596
931385.625	4579831	931382.6875	4579545.5
931444.3125	4579810	931395.1875	4579492.5
931464.3125	4579696	931401.75	4579438.5
931466.5625	4579639.5	931405.8125	4579380.5
931453.625	4579537.5	931409.0625	4579333
931484.5625	4579509.5	931414.9375	4579294
931479.3125	4579641	931417	4579250.5
931526.4375	4579634.5	931423.25	4579202
931575.5625	4579628.5	931433.3125	4579162.5
931586.1875	4579409.5	931447.5625	4579132.5
931594.5	4579375.5	931467.0625	4579106.5
931610.8125	4579304.5	931478.625	4579065
931650.9375	4579428.5	931489.6875	4579023
931636	4579337	931494.5	4578980.5
931661.1875	4579302.5	931488	4578937
931644.6875	4579229.5	931477.6875	4578894
931667.125	4579254	931470.625	4578857
931671.625	4579165	931468.6875	4578818
931697	4579199.5	931463.25	4578783
931714.375	4579041.5	931477.3125	4578746.5
931707.75	4579121.5	931486.25	4578705.5
931650.875	4579073	931478.25	4578666.5
931711.625	4579064.5	931471.1875	4578628
931681.3125	4578980.5	931471.5	4578587
931686	4578910.5	931473.375	4578540
931664.5	4578877.5	931457.0625	4578492.5
931716.4375	4578884.5	931435.5625	4578444.5
931636.1875	4578914	931429.6875	4578401
931670.125	4578719	931425.3125	4578356.5
931697.4375	4578693.5	931425.1875	4578308.5
931705.9375	4578692.5	931431.625	4578259.5
931724.1875	4578704.5	931454.625	4578211
931744.8125	4578636	931467.875	4578160.5
931707.0625	4578512	931478.6875	4578108.5
931749.6875	4578455	931490.4375	4578060
931709.0625	4578538	931502.75	4578022
931677.25	4578428.5	931509.75	4577980
931753.125	4578322.5	931514.8125	4577929.5
931776.125	4578329	931519.4375	4577884
931731.5	4578279.5	931525	4577840
931715.5	4578312	931531.9375	4577798.5
931685.1875	4578255	931532.8125	4577760
931769.5625	4578256.5	931534.1875	4577713
931760.125	4578209	931534.5625	4577680.5
931788.4375	4578145.5	931565.9375	4577657
931842.625	4578129	931578.625	4577625.5
931827.9375	4578024	931580.1875	4577586
931784.75	4578000.5	931583.4375	4577539
931834.625	4577871.5	931589.125	4577486
931830.6875	4577895	931591.875	4577435.5
931858.25	4577815	931594.125	4577382
931821.75	4577805	931601.0625	4577334.5
931843.625	4577718.5	931608.75	4577287.5
931855.625	4577748.5	931616.4375	4577253.5
931867.9375	4577802	931633.8125	4577222.5
931857.25	4577699	931643.8125	4577183.5
931903.75	4577639	931656.4375	4577138
931887.25	4577607.5	931670.5625	4577093.5
931915.0625	4577568	931685.1875	4577047.5
931908.1875	4577594.5	931694.5	4576999
931936.1875	4577477	931701.625	4576952
931958.5625	4577392.5	931718.75	4576914
931973.5625	4577442.5	931738.125	4576876
931995.75	4577348	931757.3125	4576840.5
931967.75	4577415.5	931764.5	4576809
931997.25	4577233.5	931769.75	4576772
931995.75	4577273	931784.625	4576740.5
932007.5	4577195	931795.375	4576701.5
932030.25	4577163	931798.125	4576652
932051.0625	4577069.5	931796.5	4576610.5
932047	4577112.5	931801.3125	4576567.5
932045.9375	4577013.5	931800.25	4576531.5
932077.5	4576963	931793.125	4576501
932102.25	4577021	931791.4375	4576461
932103.125	4576871	931785.8125	4576429
932086.75	4576963.5	931782.625	4576387.5
932120.125	4576893.5	931782.6875	4576345
932098.875	4576833	931777.75	4576300
932099.8125	4576785	931783.5	4576258
932138.5625	4576624	931790.4375	4576227.5
			